0.8395
0.8754
0.899
0.8759
0.9032
0.9027
0.8442
0.8893
0.7984
0.8364
0.6011
0.847
0.9086
0.8014
0.6565
0.8658
0.87
0.6251
0.6194
0.7998
0.6812
0.7511
0.7371
0.862
0.8
0.7889
0.9174
0.7972
0.7256
0.6501
0.8821
0.8587
0.6561
0.7361
0.8614
0.7957
0.5842
0.8304
0.8622
0.6966
0.7489
0.8806
0.7903
0.7539
0.7515
0.8461
0.7693
0.7519
0.8185
0.8299
0.7131
0.7429
0.8144
0.7816
0.695
0.8044
0.4171
0.4872
0.0737
0.6996
0.5627
0.6879
0.7372
0.8237
0.6769
0.6947
0.7627
0.8313
0.8582
0.8972
0.5838
0.6524
0.833
0.9045
0.4919
0.6034
0.8958
0.4618
0.1551
0.8099
0.5223
0.07192
0.5526
0.3029
0.6026
0.6058
0.2445
0.4784
0.5532
0.3003
0.2755
0.7112
0.4356
0.2591
0.6057
0.7342
0.2643
0.312
0.3369
0.6196
0.6751
0.6762
0.6377
0.7944
0.8521
0.6106
0.5324
0.5734
0.4648
0.4059
0.5821
0.4889
0.4499
0.2569
0.5043
0.4391
0.3123
0.4251
0.4558
0.5228
0.3333
0.6042
0.3094
0.3622
0.3039
0.2798
0.2732
0.367
0.202
0.4165
0.8498
0.7057
0.8206
0.5807
0.3083
0.668
0.7891
0.4073
0.4966
0.6315
0.7505
0.2422
0.3172
0.2107
0.343
0.6248
0.7726
0.448
0.3364
0.4582
0.1403
0.273
0.2667
0.398
0.5785
0.3699
0.373
0.838
0.5071
0.1842
0.7402
0.5828
0.3481
0.7453
0.8673
0.6161
0.6809
0.2873
0.3404
0.7399
0.3626
0.4407
0.7453
0.6175
0.4492
0.5901
0.7086
0.5329
0.4273
0.3218
0.594
0.4322
0.1925
0.3848
0.6031
0.2653
0.2209
0.4942
0.595
0.4344
0.09147
0.344
0.05637
0.16
0.4718
0.2753
0.5197
0.5803
0.4641
0.5112
0.5643
0.6486
0.3832
0.48
0.7526
0.5257
0.1812
0.495
0.7215
0.5431
0.4073
0.7354
0.7711
0.5366
0.5163
0.4924
0.3482
0.2155
0.2955
0.1485
0.3236
0.4419
0.3316
0.3794
0.5698
0.4901
0.5318
0.3103
0.4834
0.6888
0.3495
0.4476
0.8843
0.8014
0.1154
0.8427
0.9178
0.88
0.9298
0.7727
0.8902
0.5355
0.7102
0.4251
0.5173
0.8734
0.4334
0.726
0.3517
0.1868
0.02444
0.5218
0.2215
0.1112
0.497
0.2766
0.3091
0.4784
0.4069
0.1743
0.4288
0.536
0.2542
0.245
0.5626
0.3883
0.1743
0.2752
0.4213
0.3524
0.03928
0.0864
0.2223
0.07167
0.02219
0.06252
0.3326
0.4089
0.3625
0.2572
0.5089
0.4483
0.582
0.716
0.4137
0.07925
0.2168
0.4427
0.3826
0.2092
0.5695
0.421
0.4111
0.1841
0.2983
0.1942
0.5985
0.5222
0.4978
0.3414
0.3786
0.211
0.3041
0.4332
0.2743
0.2317
0.5078
0.4708
0.3819
0.6567
0.8874
0.5736
0.6351
0.9041
0.9255
0.7406
0.7296
0.9408
0.7777
0.5497
0.6366
0.7882
0.6328
0.6091
0.716
0.6464
0.6612
0.6004
0.7739
0.5501
0.4433
0.4665
0.4742
0.3318
0.2179
0.4689
0.568
0.326
0.376
0.3867
0.4241
0.1514
0.127
0.3701
0.3082
0.0834
0.2582
0.6089
0.2308
0.1315
0.5157
0.1645
0.2654
0.2861
0.2107
0.3483
0.5524
0.4231
0.5835
0.39
0.2636
0.614
0.711
0.3735
0.4312
0.5724
0.4996
0.4391
0.7101
0.4304
0.4495
0.7375
0.6699
0.449
0.5449
0.8569
0.7894
0.7737
0.7777
0.7516
0.9056
0.9126
0.8361
0.8103
0.867
0.8663
0.6502
0.4682
0.2732
0.139
0.03885
0.07852
0.5532
0.2282
0.6216
0.318
0.1136
0.2095
0.1411
0.5259
0.3599
0.08448
0.2042
0.565
0.5041
0.4719
0.8015
0.6389
0.8107
0.7619
0.7305
0.3963
0.4237
0.5994
0.6837
0.4498
0.2431
0.4122
0.5501
0.62
0.313
0.2826
0.5816
0.6525
0.5255
0.6644
0.4197
0.5879
0.507
0.3563
0.6126
0.3708
0.4359
0.3594
0.434
0.2143
0.2237
0.5404
0.4539
0.4806
0.5637
0.4876
0.7352
0.6647
0.8488
0.8455
0.6726
0.465
0.4587
0.4892
0.7737
0.7484
0.9213
0.8819
0.8854
0.9107
0.69
0.8954
0.8329
0.8139
0.6285
0.5978
0.6956
0.452
0.5083
0.7351
0.5913
0.4364
0.4208
0.7029
0.5053
0.6279
0.4294
0.5003
0.3749
0.5752
0.635
0.3854
0.4894
0.09151
0.1243
0.4114
0.2654
0.1999
0.54
0.6631
0.3966
0.7515
0.6932
0.7867
0.9725
0.9701
0.5684
0.8298
0.4519
0.3227
0.1189
0.3058
0.4739
0.1343
0.5019
0.2058
0.6673
0.2094
0.3746
0.4112
0.1147
